{
    "fiducials": [
        {
            "family": "apriltag3_36h11_classic",
            "id": 1,
            "size": 165.1,
            "transform": [
                -1.0,
                -1.2246467991473532e-16,
                0.0,
                3.6074798,
                1.2246467991473532e-16,
                -1.0,
                0.0,
                3.3902756,
                0.0,
                0.0,
                1.0,
                0.889,
                0.0,
                0.0,
                0.0,
                1.0
            ],
            "unique": true
        },
        {
            "family": "apriltag3_36h11_classic",
            "id": 2,
            "size": 165.1,
            "transform": [
                -2.220446049250313e-16,
                -1.0000000000000002,
                0.0,
                3.644919399999999,
                1.0000000000000002,
                -2.220446049250313e-16,
                0.0,
                0.6035399999999989,
                0.0,
                0.0,
                1.0,
                1.12395,
                0.0,
                0.0,
                0.0,
                1.0
            ],
            "unique": true
        },
        {
            "family": "apriltag3_36h11_classic",
            "id": 3,
            "size": 165.1,
            "transform": [
                -0.9231855847806012,
                0.38346291568138496,
                0.026164257115956747,
                2.888440945124767,
                -0.373609477836268,
                -0.9112788995068888,
                0.17316675600248557,
                -0.45478647013106555,
                0.09024596458684445,
                0.1500898384656479,
                0.9845449234367855,
                0.5575747098342569,
                0.0,
                0.0,
                0.0,
                1.0
            ],
            "unique": true
        },
        {
            "family": "apriltag3_36h11_classic",
            "id": 4,
            "size": 165.1,
            "transform": [
                -0.8821122870008435,
                0.4694715785091474,
                0.0383972667552117,
                2.9922733027164217,
                -0.45749896476390123,
                -0.8733086826492564,
                0.16741159472802095,
                -0.8008722654256877,
                0.11212765208502366,
                0.13010911490572022,
                0.9851390804634389,
                0.6116653776467461,
                0.0,
                0.0,
                0.0,
                1.0
            ],
            "unique": true
        },
        {
            "family": "apriltag3_36h11_classic",
            "id": 5,
            "size": 165.1,
            "transform": [
                -2.220446049250313e-16,
                1.0,
                -0.0,
                3.644919399999999,
                -1.0,
                -2.220446049250313e-16,
                0.0,
                -0.6032648000000007,
                0.0,
                0.0,
                1.0,
                1.12395,
                0.0,
                0.0,
                0.0,
                1.0
            ],
            "unique": true
        },
        {
            "family": "apriltag3_36h11_classic",
            "id": 6,
            "size": 165.1,
            "transform": [
                -1.0,
                -1.2246467991473532e-16,
                0.0,
                3.6074798,
                1.2246467991473532e-16,
                -1.0,
                0.0,
                -3.3900004000000004,
                0.0,
                0.0,
                1.0,
                0.889,
                0.0,
                0.0,
                0.0,
                1.0
            ],
            "unique": true
        },
        {
            "family": "apriltag3_36h11_classic",
            "id": 7,
            "size": 165.1,
            "transform": [
                1.0,
                0.0,
                0.0,
                3.6823844,
                0.0,
                1.0,
                0.0,
                -3.3900004000000004,
                0.0,
                0.0,
                1.0,
                0.889,
                0.0,
                0.0,
                0.0,
                1.0
            ],
            "unique": true
        },
        {
            "family": "apriltag3_36h11_classic",
            "id": 8,
            "size": 165.1,
            "transform": [
                -2.220446049250313e-16,
                1.0,
                -0.0,
                4.0005194,
                -1.0,
                -2.220446049250313e-16,
                0.0,
                -0.6032648000000007,
                0.0,
                0.0,
                1.0,
                1.12395,
                0.0,
                0.0,
                0.0,
                1.0
            ],
            "unique": true
        },
        {
            "family": "apriltag3_36h11_classic",
            "id": 9,
            "size": 165.1,
            "transform": [
                1.0,
                0.0,
                0.0,
                4.248677399999998,
                0.0,
                1.0,
                0.0,
                -0.35546240000000084,
                0.0,
                0.0,
                1.0,
                1.12395,
                0.0,
                0.0,
                0.0,
                1.0
            ],
            "unique": true
        },
        {
            "family": "apriltag3_36h11_classic",
            "id": 10,
            "size": 165.1,
            "transform": [
                1.0,
                0.0,
                0.0,
                4.248677399999998,
                0.0,
                1.0,
                0.0,
                0.0001375999999995159,
                0.0,
                0.0,
                1.0,
                1.12395,
                0.0,
                0.0,
                0.0,
                1.0
            ],
            "unique": true
        },
        {
            "family": "apriltag3_36h11_classic",
            "id": 11,
            "size": 165.1,
            "transform": [
                -2.220446049250313e-16,
                -1.0000000000000002,
                0.0,
                4.0005194,
                1.0000000000000002,
                -2.220446049250313e-16,
                0.0,
                0.6035399999999989,
                0.0,
                0.0,
                1.0,
                1.12395,
                0.0,
                0.0,
                0.0,
                1.0
            ],
            "unique": true
        },
        {
            "family": "apriltag3_36h11_classic",
            "id": 12,
            "size": 165.1,
            "transform": [
                1.0,
                0.0,
                0.0,
                3.6823844,
                0.0,
                1.0,
                0.0,
                3.3902756,
                0.0,
                0.0,
                1.0,
                0.889,
                0.0,
                0.0,
                0.0,
                1.0
            ],
            "unique": true
        },
        {
            "family": "apriltag3_36h11_classic",
            "id": 13,
            "size": 165.1,
            "transform": [
                -1.0,
                -1.2246467991473532e-16,
                0.0,
                8.262817199999999,
                1.2246467991473532e-16,
                -1.0,
                0.0,
                3.368812599999999,
                0.0,
                0.0,
                1.0,
                0.55245,
                0.0,
                0.0,
                0.0,
                1.0
            ],
            "unique": true
        },
        {
            "family": "apriltag3_36h11_classic",
            "id": 14,
            "size": 165.1,
            "transform": [
                -1.0,
                -1.2246467991473532e-16,
                0.0,
                8.262817199999999,
                1.2246467991473532e-16,
                -1.0,
                0.0,
                2.937012599999999,
                0.0,
                0.0,
                1.0,
                0.55245,
                0.0,
                0.0,
                0.0,
                1.0
            ],
            "unique": true
        },
        {
            "family": "apriltag3_36h11_classic",
            "id": 15,
            "size": 165.1,
            "transform": [
                -1.0,
                -1.2246467991473532e-16,
                0.0,
                8.2624616,
                1.2246467991473532e-16,
                -1.0,
                0.0,
                0.2890625999999994,
                0.0,
                0.0,
                1.0,
                0.55245,
                0.0,
                0.0,
                0.0,
                1.0
            ],
            "unique": true
        },
        {
            "family": "apriltag3_36h11_classic",
            "id": 16,
            "size": 165.1,
            "transform": [
                -1.0,
                -1.2246467991473532e-16,
                0.0,
                8.2624616,
                1.2246467991473532e-16,
                -1.0,
                0.0,
                -0.14273740000000057,
                0.0,
                0.0,
                1.0,
                0.55245,
                0.0,
                0.0,
                0.0,
                1.0
            ],
            "unique": true
        },
        {
            "family": "apriltag3_36h11_classic",
            "id": 17,
            "size": 165.1,
            "transform": [
                0.9999496466444715,
                -0.008124778445922434,
                -0.0058900043124941225,
                -3.6156321949093533,
                0.008108265863699747,
                0.9999631455705718,
                -0.0028219718799401923,
                -3.380117703843291,
                0.005912715136050993,
                0.0027740720632827903,
                0.9999786719345106,
                0.9003017137536332,
                0.0,
                0.0,
                0.0,
                1.0
            ],
            "unique": true
        },
        {
            "family": "apriltag3_36h11_classic",
            "id": 18,
            "size": 165.1,
            "transform": [
                0.0009795288509443223,
                0.9999979500566069,
                0.0017721190180810225,
                -3.642610470713609,
                -0.9999940096998555,
                0.0009736388246108785,
                0.0033215345617154945,
                -0.5868277793469714,
                0.003319802348879829,
                -0.0017753619414888216,
                0.9999929134760611,
                1.1260433110192165,
                0.0,
                0.0,
                0.0,
                1.0
            ],
            "unique": true
        },
        {
            "family": "apriltag3_36h11_classic",
            "id": 19,
            "size": 165.1,
            "transform": [
                0.9998421065968156,
                -0.01578308681922089,
                0.008164315433577944,
                -3.002385081205313,
                0.015750709336318617,
                0.9998678889503084,
                0.004014947254497588,
                -0.35700433745784155,
                -0.008226605098388328,
                -0.003885719561487664,
                0.9999586112195068,
                1.1256290393207224,
                0.0,
                0.0,
                0.0,
                1.0
            ],
            "unique": true
        },
        {
            "family": "apriltag3_36h11_classic",
            "id": 20,
            "size": 165.1,
            "transform": [
                0.9999843773864453,
                0.0041823320865976375,
                0.0037085147108746053,
                -3.0116441389750648,
                -0.004218004674262652,
                0.9999444059170219,
                0.00966403186159343,
                0.009481020260811768,
                -0.0036678903488593997,
                -0.009679523416543318,
                0.9999464252682827,
                1.1274725383951298,
                0.0,
                0.0,
                0.0,
                1.0
            ],
            "unique": true
        },
        {
            "family": "apriltag3_36h11_classic",
            "id": 21,
            "size": 165.1,
            "transform": [
                0.007395757564426009,
                -0.9999649052671358,
                0.003935861295180282,
                -3.639644924361634,
                0.9999680130636475,
                0.007407653651639201,
                0.0030165405544508965,
                0.5902988648409453,
                -0.003045590187061551,
                0.0039134257964115685,
                0.9999877046638865,
                1.1229747668699999,
                0.0,
                0.0,
                0.0,
                1.0
            ],
            "unique": true
        },
        {
            "family": "apriltag3_36h11_classic",
            "id": 22,
            "size": 165.1,
            "transform": [
                0.9999808489928819,
                0.005980351342117589,
                0.0015928105035041145,
                -3.4820995477154373,
                -0.005995152895790524,
                0.9999373192744063,
                0.009455985621295484,
                3.3453556868388974,
                -0.0015361605486846625,
                -0.009465353672150071,
                0.9999540225883538,
                0.8792041621187086,
                0.0,
                0.0,
                0.0,
                1.0
            ],
            "unique": true
        },
        {
            "family": "apriltag3_36h11_classic",
            "id": 23,
            "size": 165.1,
            "transform": [
                -0.9999943915717895,
                0.0006734364054080228,
                -0.0032807481424739623,
                -3.6360100698187363,
                -0.0006742772334688131,
                -0.9999997401135345,
                0.00025519223237543173,
                3.3840166170779566,
                -0.0032805754341122652,
                0.00025740293492933187,
                0.9999945857696182,
                0.8883722097397296,
                0.0,
                0.0,
                0.0,
                1.0
            ],
            "unique": true
        },
        {
            "family": "apriltag3_36h11_classic",
            "id": 24,
            "size": 165.1,
            "transform": [
                0.001005922562244299,
                -0.9999994864172433,
                -0.00012363271725280027,
                -4.001505298803796,
                0.9999981394722565,
                0.0010061246861895468,
                -0.0016458326591450908,
                0.5882515356565845,
                0.0016459562038026654,
                -0.0001219769070251866,
                0.9999986379739771,
                1.123034660554309,
                0.0,
                0.0,
                0.0,
                1.0
            ],
            "unique": true
        },
        {
            "family": "apriltag3_36h11_classic",
            "id": 25,
            "size": 165.1,
            "transform": [
                -0.9999934414357712,
                -0.0008622488939390365,
                -0.003517614573529813,
                -4.246557561335658,
                0.0008636406749713534,
                -0.9999995493809719,
                -0.00039416067515509476,
                0.36349564353799746,
                -0.0035172731238195657,
                -0.0003971960450515626,
                0.9999937354929151,
                1.1236448714214347,
                0.0,
                0.0,
                0.0,
                1.0
            ],
            "unique": true
        },
        {
            "family": "apriltag3_36h11_classic",
            "id": 26,
            "size": 165.1,
            "transform": [
                -1.0,
                -1.2246467991473532e-16,
                0.0,
                -4.2486386000000005,
                1.2246467991473532e-16,
                -1.0,
                0.0,
                0.0001375999999995159,
                0.0,
                0.0,
                1.0,
                1.12395,
                0.0,
                0.0,
                0.0,
                1.0
            ],
            "unique": true
        },
        {
            "family": "apriltag3_36h11_classic",
            "id": 27,
            "size": 165.1,
            "transform": [
                0.007369439892661811,
                0.9999728438325302,
                -5.434289477617435e-05,
                -4.021662447793532,
                -0.9999476960481446,
                0.007369639961749885,
                0.007091796305676265,
                -0.5741270502742126,
                0.007092004207237108,
                2.0774858223407584e-06,
                0.9999748514197787,
                1.1240199695874984,
                0.0,
                0.0,
                0.0,
                1.0
            ],
            "unique": true
        },
        {
            "family": "apriltag3_36h11_classic",
            "id": 28,
            "size": 165.1,
            "transform": [
                -0.9956328146719391,
                -0.09184161088418423,
                0.016745651932095235,
                -3.699932197977576,
                0.09292210420429646,
                -0.9922038491921603,
                0.08304820406551389,
                -3.310264552632834,
                0.00898781946184177,
                0.08424155838100017,
                0.9964048268363928,
                0.8550321955492564,
                0.0,
                0.0,
                0.0,
                1.0
            ],
            "unique": true
        },
        {
            "family": "apriltag3_36h11_classic",
            "id": 29,
            "size": 165.1,
            "transform": [
                0.9954539731192845,
                -0.0894414120886279,
                -0.032735625923801956,
                -8.322834216504377,
                0.08968643471651928,
                0.9959514216986203,
                0.006091719325163213,
                -3.4538446758866708,
                0.03205824120051459,
                -0.008999967782680708,
                0.9994454811299316,
                0.5685904872978953,
                0.0,
                0.0,
                0.0,
                1.0
            ],
            "unique": true
        },
        {
            "family": "apriltag3_36h11_classic",
            "id": 30,
            "size": 165.1,
            "transform": [
                0.9946115756512421,
                -0.0998695038935523,
                -0.027818982235321837,
                -8.348159939055183,
                0.09999923223587,
                0.9949820142307735,
                0.003308309161703919,
                -3.010550092995867,
                0.027348987783644765,
                -0.006072359453179265,
                0.9996075026318487,
                0.5672872443803713,
                0.0,
                0.0,
                0.0,
                1.0
            ],
            "unique": true
        },
        {
            "family": "apriltag3_36h11_classic",
            "id": 31,
            "size": 165.1,
            "transform": [
                0.9910214393963581,
                -0.1193635652169919,
                -0.06023990334868916,
                -8.430441494887111,
                0.12012827044095475,
                0.9927155305197343,
                0.009223562532310006,
                -0.35625232948086083,
                0.05870013030339309,
                -0.016377263617940483,
                0.9981413126099696,
                0.5718229983618665,
                0.0,
                0.0,
                0.0,
                1.0
            ],
            "unique": true
        },
        {
            "family": "apriltag3_36h11_classic",
            "id": 32,
            "size": 165.1,
            "transform": [
                0.9568748716535638,
                -0.271918538390942,
                -0.10222909799714316,
                -8.366783500913407,
                0.27350257118222304,
                0.9618700388626068,
                0.001540095828246095,
                0.0854075545303834,
                0.09791232585680268,
                -0.0294336001498453,
                0.9947596893861,
                0.575795549546321,
                0.0,
                0.0,
                0.0,
                1.0
            ],
            "unique": true
        }
    ],
    "type": "frc"
}